wallTime,elapsed,local,active,remaining,cooldown,visuals,orbit,slow,immune,held,refreshed,x,y,z,ultcharge,variant
63925004123.8306,0.2999496,2,0,0,0,0,0,1,0,0,0,0,0.12,-8,0,1
63925004123.8628,0.3399429,2,0,0,0,0,0,1,0,0,0,0,0.12,-8,0,1
63925004123.8962,0.3599396,2,0,0,0,0,0,1,0,0,0,0,0.12,-8,0,1
63925004123.9291,0.3999329,2,0,0,0,0,0,1,0,1,0,0,0.07291741,-8,0,1
63925004123.9638,0.4399261,2,0,0,0,0,0,1,0,1,0,0,0.03334977,-8,0,1
63925004123.9963,0.4599228,2,0,0,0,0,0,1,0,1,0,0,0.02336866,-8,0,1
63925004124.0303,0.4999161,2,0,0,0,0,0,1,0,1,0,0,0.0140926,-8,0,1
63925004124.0632,0.5399094,2,0,0,0,0,0,1,0,1,0,0,0.01118143,-8,0,1
63925004124.0969,0.559906,2,0,0,0,0,0,1,0,1,0,0,0.01062528,-8,0,1
63925004124.1303,0.5998993,2,0,0,0,0,0,1,0,1,0,0,0.01017132,-8,0,1
63925004124.1629,0.6398926,2,0,0,0,0,0,1,0,1,0,0,0.01004589,-8,0,1
63925004124.1964,0.6598892,2,0,0,0,0,0,1,0,1,0,0,0.01002359,-8,0,1
63925004124.2303,0.6998825,2,0,0,0,0,0,1,0,1,0,0,0.01000617,-8,0,1
63925004124.2638,0.7398758,2,0,0,0,0,0,1,0,1,0,0,0.01000159,-8,0,1
63925004124.2965,0.7598724,2,0,0,0,0,0,1,0,1,0,0,0.01000081,-8,0,1
63925004124.3296,0.7998657,2,0,0,0,0,0,1,0,1,0,0,0.0100002,-8,0,1
63925004124.3633,0.839859,2,0,0,0,0,0,1,0,1,0,0,0.01000005,-8,0,1
63925004124.3963,0.8598557,2,0,0,0,0,0,1,0,1,0,0,0.01000002,-8,0,1
63925004124.4302,0.8998489,2,0,0,0,0,0,1,0,1,0,0,0.01,-8,0,1
63925004124.4634,0.9398422,2,0,0,0,0,0,1,0,1,0,0,0.009999999,-8,0,1
63925004124.4961,0.9598389,2,0,0,0,0,0,1,0,1,0,0,0.009999998,-8,0,1
63925004124.5302,0.9998322,2,0,0,0,0,0,1,0,1,0,0,0.009999998,-8,0,1
63925004124.5636,1.039825,2,0,0,0,0,0,1,0,1,0,0,0.009999998,-8,0,1
63925004124.5964,1.059822,2,0,0,0,0,0,1,0,1,0,0,0.009999998,-8,0,1
63925004124.63,1.099815,2,0,0,0,0,0,1,0,1,0,0,0.009999998,-8,0,1
63925004124.6628,1.139809,2,0,0,0,0,0,1,0,1,0,0,0.009999998,-8,0,1
63925004124.6965,1.179802,2,0,0,0,0,0,1,0,1,0,0,0.009999998,-8,0,1
63925004124.7305,1.219795,2,0,0,0,0,0,1,0,1,0,0,0.009999998,-8,0,1
63925004124.7638,1.259789,2,0,0,0,0,0,1,0,1,0,0,0.009999998,-8,0,1
63925004124.7971,1.279785,2,0,0,0,0,0,1,0,1,0,0,0.009999998,-8,0,1
63925004124.8309,1.319778,2,0,0,0,0,0,1,0,1,0,0,0.009999998,-8,0,1
63925004124.864,1.359772,2,0,0,0,0,0,1,0,1,0,0,0.009999998,-8,0,1
63925004124.8973,1.379768,2,0,0,0,0,0,1,0,1,0,0,0.009999998,-8,0,1
63925004124.9299,1.399765,2,0,0,0,0,0,1,0,1,0,0,0.009999998,-8,0,1
63925004124.9628,1.439758,2,0,0,0,0,0,1,0,1,0,0,0.009999998,-8,0,1
63925004124.9962,1.459755,2,0,0,0,0,0,1,0,1,0,0,0.009999998,-8,0,1
63925004125.03,1.499748,2,0,0,0,0,0,1,0,1,0,0,0.009999998,-8,0,1
63925004125.0631,1.539742,2,0,0,0,0,0,1,0,1,0,0,0.009999998,-8,0,1
63925004125.0962,1.559738,2,0,0,0,0,0,1,0,1,0,0,0.009999998,-8,0,1
63925004125.131,1.599731,2,0,0,0,0,0,1,0,1,0,0,0.009999998,-8,0,1
63925004125.1639,1.639725,2,0,0,0,0,0,1,0,1,0,0,0.009999998,-8,0,1
63925004125.1971,1.659721,2,0,0,0,0,0,1,0,1,0,0,0.009999998,-8,0,1
63925004125.2302,1.699715,2,0,0,0,0,0,1,0,1,0,0,0.009999998,-8,0,1
63925004125.2641,1.739708,2,0,0,0,0,0,1,0,1,0,0,0.009999998,-8,0,1
63925004125.2974,1.759705,2,0,0,0,0,0,1,0,1,0,0,0.009999998,-8,0,1
63925004125.3301,1.799698,2,0,0,0,0,0,1,0,1,0,0,0.009999998,-8,0,1
63925004125.364,1.839691,2,0,0,0,0,0,1,0,1,0,0,0.009999998,-8,0,1
63925004125.3976,1.859688,2,0,0,0,0,0,1,0,1,0,0,0.009999998,-8,0,1
63925004125.4301,1.899681,2,0,0,0,0,0,1,0,1,0,0,0.009999998,-8,0,1
63925004125.4637,1.939674,2,0,0,0,0,0,1,0,1,0,0,0.009999998,-8,0,1
63925004125.4977,1.959671,2,0,0,0,0,0,1,0,1,0,0,0.009999998,-8,0,1
63925004125.5305,1.999664,2,0,0,0,0,0,1,0,1,0,0,0.009999998,-8,0,1
63925004125.5643,2.039658,2,0,0,0,0,0,1,0,1,0,0,0.009999998,-8,0,1
63925004125.5978,2.059654,2,0,0,0,0,0,1,0,1,0,0,0.009999998,-8,0,1
63925004125.6305,2.099648,2,0,0,0,0,0,1,0,1,0,0,0.009999998,-8,0,1
63925004125.6642,2.139641,2,0,0,0,0,0,1,0,1,0,0,0.009999998,-8,0,1
63925004125.6975,2.159637,2,0,0,0,0,0,1,0,1,0,0,0.009999998,-8,0,1
63925004125.7302,2.199631,2,0,0,0,0,0,1,0,1,0,0,0.009999998,-8,0,1
63925004125.7642,2.239624,2,0,0,0,0,0,1,0,1,0,0,0.009999998,-8,0,1
63925004125.7979,2.279617,2,0,0,0,0,0,1,0,1,0,0,0.009999998,-8,0,1
63925004125.8309,2.319611,2,0,0,0,0,0,1,0,1,0,0,0.009999998,-8,0,1
63925004125.8636,2.359604,2,0,0,0,0,0,1,0,1,0,0,0.009999998,-8,0,1
63925004125.8969,2.379601,2,0,0,0,0,0,1,0,1,0,0,0.009999998,-8,0,1
63925004125.9312,2.419594,2,0,0,0,0,0,1,0,1,0,0,0.009999998,-8,0,1
63925004125.964,2.459587,2,0,0,0,0,0,1,0,1,0,0,0.009999998,-8,0,1
63925004125.9976,2.479584,2,0,0,0,0,0,1,0,1,0,0,0.009999998,-8,0,1
63925004126.0307,2.49958,2,0,0,0,0,0,1,0,1,0,0,0.009999998,-8,0,1
63925004126.064,2.539574,2,0,0,0,0,0,1,0,1,0,0,0.009999998,-8,0,1
63925004126.0976,2.55957,2,0,0,0,0,0,1,0,1,0,0,0.009999998,-8,0,1
63925004126.1311,2.599564,2,0,0,0,0,0,1,0,1,0,0,0.009999998,-8,0,1
63925004126.1644,2.639557,2,0,0,0,0,0,1,0,1,0,0,0.009999998,-8,0,1
63925004126.1977,2.659554,2,0,0,0,0,0,1,0,1,0,0,0.009999998,-8,0,1
63925004126.2308,2.699547,2,0,0,0,0,0,1,0,1,0,0,0.009999998,-8,0,1
63925004126.2649,2.73954,2,0,0,0,0,0,1,0,1,0,0,0.009999998,-8,0,1
63925004126.298,2.759537,2,0,0,0,0,0,1,0,1,0,0,0.009999998,-8,0,1
63925004126.3314,2.79953,2,0,0,0,0,0,1,0,1,0,0,0.009999998,-8,0,1
63925004126.364,2.839523,2,0,0,0,0,0,1,0,1,0,0,0.009999998,-8,0,1
63925004126.3981,2.85952,2,0,0,0,0,0,1,0,1,0,0,0.009999998,-8,0,1
63925004126.431,2.899513,2,0,0,0,0,0,1,0,1,0,0,0.009999998,-8,0,1
63925004126.4646,2.939507,2,0,0,0,0,0,1,0,1,0,0,0.009999998,-8,0,1
63925004126.4976,2.959503,2,0,0,0,0,0,1,0,1,0,0,0.009999998,-8,0,1
63925004126.5308,2.999496,2,0,0,0,0,0,1,0,1,0,0,0.009999998,-8,0,1
63925004126.5649,3.03949,2,0,0,0,0,0,1,0,1,0,0,0.009999998,-8,0,1
63925004126.598,3.059486,2,0,0,0,0,0,1,0,1,0,0,0.009999998,-8,0,1
63925004126.631,3.09948,2,0,0,0,0,0,1,0,1,0,0,0.009999998,-8,0,1
63925004126.6645,3.139473,2,0,0,0,0,0,1,0,1,0,0,0.009999998,-8,0,1
63925004126.6976,3.15947,2,0,0,0,0,0,1,0,1,0,0,0.009999998,-8,0,1
63925004126.7313,3.199463,2,0,0,0,0,0,1,0,1,0,0,0.009999998,-8,0,1
63925004126.7649,3.239456,2,0,0,0,0,0,1,0,1,0,0,0.009999998,-8,0,1
63925004126.7978,3.259453,2,0,0,0,0,0,1,0,1,0,0,0.009999998,-8,0,1
63925004126.8317,3.299446,2,0,0,0,0,0,1,0,1,0,0,0.009999998,-8,0,1
63925004126.864,3.339439,2,0,0,0,0,0,1,0,1,0,0,0.009999998,-8,0,1
63925004126.898,3.379433,2,0,0,0,0,0,1,0,1,0,0,0.009999998,-8,0,1
63925004126.9316,3.419426,2,0,0,0,0,0,1,0,1,0,0,0.009999998,-8,0,1
63925004126.9647,3.459419,2,0,0,0,0,0,1,0,1,0,0,0.009999998,-8,0,1
63925004126.9984,3.479416,2,0,0,0,0,0,1,0,1,0,0,0.009999998,-8,0,1
63925004127.0309,3.519409,2,0,0,0,0,0,1,0,1,0,0,0.009999998,-8,0,1
63925004127.064,3.559402,2,0,0,0,0,0,1,0,1,0,0,0.009999998,-8,0,1
63925004127.0976,3.579399,2,0,0,0,0,0,1,0,1,0,0,0.009999998,-8,0,1
63925004127.131,3.599396,2,0,0,0,0,0,1,0,1,0,0,0.009999998,-8,0,1
63925004127.1647,3.639389,2,0,0,0,0,0,1,0,1,0,0,0.009999998,-8,0,1
63925004127.1977,3.659386,2,0,0,0,0,0,1,0,1,0,0,0.009999998,-8,0,1
63925004127.2311,3.699379,2,0,0,0,0,0,1,0,1,0,0,0.009999998,-8,0,1
63925004127.2641,3.739372,2,0,0,0,0,0,1,0,1,0,0,0.009999998,-8,0,1
63925004127.2986,3.759369,2,0,0,0,0,0,1,0,1,0,0,0.009999998,-8,0,1
63925004127.3312,3.799362,2,0,0,0,0,0,1,0,1,0,0,0.009999998,-8,0,1
63925004127.3644,3.839355,2,0,0,0,0,0,1,0,1,0,0,0.009999998,-8,0,1
63925004127.3978,3.859352,2,0,0,0,0,0,1,0,1,0,0,0.009999998,-8,0,1
63925004127.4315,3.899345,2,0,0,0,0,0,1,0,1,0,0,0.009999998,-8,0,1
63925004127.4651,3.939339,2,0,0,0,0,0,1,0,1,0,0,0.009999998,-8,0,1
63925004127.4976,3.959335,2,0,0,0,0,0,1,0,1,0,0,0.009999998,-8,0,1
63925004127.5317,3.999329,2,0,0,0,0,0,1,0,1,0,0,0.009999998,-8,0,1
63925004127.5644,4.039322,2,0,0,0,0,0,1,0,1,0,0,0.009999998,-8,0,1
63925004127.5985,4.059319,2,0,0,0,0,0,1,0,1,0,0,0.009999998,-8,0,1
63925004127.631,4.099312,2,0,0,0,0,0,1,0,1,0,0,0.009999998,-8,0,1
63925004127.6649,4.139305,2,0,0,0,0,0,1,0,1,0,0,0.009999998,-8,0,1
63925004127.6978,4.159302,2,0,0,0,0,0,1,0,1,0,0,0.009999998,-8,0,1
63925004127.7311,4.199295,2,0,0,0,0,0,1,0,1,0,0,0.009999998,-8,0,1
63925004127.7645,4.239288,2,0,0,0,0,0,1,0,1,0,0,0.009999998,-8,0,1
63925004127.798,4.259285,2,0,0,0,0,0,1,0,1,0,0,0.009999998,-8,0,1
63925004127.8307,4.299278,2,0,0,0,0,0,1,0,1,0,0,0.009999998,-8,0,1
63925004127.8648,4.339272,2,0,0,0,0,0,1,0,1,0,0,0.009999998,-8,0,1
63925004127.8982,4.359268,2,0,0,0,0,0,1,0,1,0,0,0.009999998,-8,0,1
63925004127.9312,4.399261,2,0,0,0,0,0,1,0,1,0,0,0.009999998,-8,0,1
63925004127.9651,4.439255,2,0,0,0,0,0,1,0,1,0,0,0.009999998,-8,0,1
63925004127.9976,4.459251,2,0,0,0,0,0,1,0,1,0,0,0.009999998,-8,0,1
63925004128.0318,4.499245,2,0,0,0,0,0,1,0,1,0,0,0.009999998,-8,0,1
63925004128.0645,4.539238,2,0,0,0,0,0,1,0,1,0,0,0.009999998,-8,0,1
63925004128.098,4.559235,2,0,0,0,0,0,1,0,1,0,0,0.009999998,-8,0,1
63925004128.1311,4.599228,2,0,0,0,0,0,1,0,1,0,0,0.009999998,-8,0,1
63925004128.1645,4.639221,2,0,0,0,0,0,1,0,1,0,0,0.009999998,-8,0,1
63925004128.198,4.659218,2,0,0,0,0,0,1,0,1,0,0,0.009999998,-8,0,1
63925004128.2319,4.699211,2,0,0,0,0,0,1,0,1,0,0,0.009999998,-8,0,1
63925004128.2648,4.739204,2,0,0,0,0,0,1,0,1,0,0,0.009999998,-8,0,1
63925004128.2976,4.759201,2,0,0,0,0,0,1,0,1,0,0,0.009999998,-8,0,1
63925004128.3317,4.799194,2,0,0,0,0,0,1,0,1,0,0,0.009999998,-8,0,1
63925004128.3658,4.839188,2,0,0,0,0,0,1,0,1,0,0,0.009999998,-8,0,1
63925004128.3987,4.859184,2,0,0,0,0,0,1,0,1,0,0,0.009999998,-8,0,1
63925004128.4322,4.899178,2,0,0,0,0,0,1,0,1,0,0,0.009999998,-8,0,1
63925004128.4648,4.939171,2,0,0,0,0,0,1,0,1,0,0,0.009999998,-8,0,1
63925004128.4989,4.959167,2,0,0,0,0,0,1,0,1,0,0,0.009999998,-8,0,1
63925004128.5317,4.999161,2,0,0,0,0,0,1,0,1,0,0,0.009999998,-8,0,1
63925004128.5654,5.039154,2,0,0,0,0,0,1,0,1,0,0,0.009999998,-8,0,1
63925004128.598,5.059151,2,0,0,0,0,0,1,0,1,0,0,0.009999998,-8,0,1
63925004128.632,5.099144,2,0,0,0,0,0,1,0,1,0,0,0.009999998,-8,0,1
63925004128.6651,5.139137,2,0,0,0,0,0,1,0,1,0,0,0.009999998,-8,0,1
63925004128.6982,5.159134,2,0,0,0,0,0,1,0,1,0,0,0.009999998,-8,0,1
63925004128.7326,5.199127,2,0,0,0,0,0,1,0,1,0,0,0.009999998,-8,0,1
63925004128.7653,5.23912,2,0,0,0,0,0,1,0,1,0,0,0.009999998,-8,0,1
63925004128.7983,5.259117,2,0,0,0,0,0,1,0,1,0,0,0.009999998,-8,0,1
63925004128.8322,5.29911,2,0,0,0,0,0,1,0,1,0,0,0.009999998,-8,0,1
63925004128.8647,5.339104,2,0,0,0,0,0,1,0,1,0,0,0.009999998,-8,0,1
63925004128.899,5.3591,2,0,0,0,0,0,1,0,1,0,0,0.009999998,-8,0,1
63925004128.9317,5.399094,2,0,0,0,0,0,1,0,1,0,0,0.009999998,-8,0,1
63925004128.9658,5.439087,2,0,0,0,0,0,1,0,1,0,0,0.009999998,-8,0,1
63925004128.9985,5.459084,2,0,0,0,0,0,1,0,1,0,0,0.009999998,-8,0,1
63925004129.0326,5.499077,2,0,0,0,0,0,1,0,1,0,0,0.009999998,-8,0,1
63925004129.0655,5.53907,2,0,0,0,0,0,1,0,1,0,0,0.009999998,-8,0,1
63925004129.0989,5.559067,2,0,0,0,0,0,1,0,1,0,0,0.009999998,-8,0,1
63925004129.1321,5.59906,2,0,0,0,0,0,1,0,1,0,0,0.009999998,-8,0,1
63925004129.1653,5.639053,2,0,0,0,0,0,1,0,1,0,0,0.009999998,-8,0,1
63925004129.1985,5.65905,2,0,0,0,0,0,1,0,1,0,0,0.009999998,-8,0,1
63925004129.2316,5.699043,2,0,0,0,0,0,1,0,1,0,0,0.009999998,-8,0,1
63925004129.2656,5.739037,2,0,0,0,0,0,1,0,1,0,0,0.009999998,-8,0,1
63925004129.2984,5.759033,2,0,0,0,0,0,1,0,1,0,0,0.009999998,-8,0,1
63925004129.3317,5.799026,2,0,0,0,0,0,1,0,1,0,0,0.009999998,-8,0,1
63925004129.3659,5.83902,2,0,0,0,0,0,1,0,1,0,0,0.009999998,-8,0,1
63925004129.3988,5.859016,2,0,0,0,0,0,1,0,1,0,0,0.009999998,-8,0,1
63925004129.4316,5.89901,2,0,0,0,0,0,1,0,1,0,0,0.009999998,-8,0,1
63925004129.4657,5.939003,2,0,0,0,0,0,1,0,1,0,0,0.009999998,-8,0,1
63925004129.4987,5.959,2,0,0,0,0,0,1,0,1,0,0,0.009999998,-8,0,1
63925004129.532,5.998993,2,0,0,0,0,0,1,0,1,0,0,0.009999998,-8,0,1
63925004129.565,6.038986,2,0,0,0,0,0,1,0,1,0,0,0.009999998,-8,0,1
63925004129.5983,6.058983,2,0,0,0,0,0,1,0,1,0,0,0.009999998,-8,0,1
63925004129.6325,6.098976,2,0,0,0,0,0,1,0,1,0,0,0.009999998,-8,0,1
63925004129.6657,6.138969,2,0,0,0,0,0,1,0,1,0,0,0.009999998,-8,0,1
63925004129.6985,6.158966,2,0,0,0,0,0,1,0,1,0,0,0.009999998,-8,0,1
63925004129.732,6.198959,2,0,0,0,0,0,1,0,1,0,0,0.009999998,-8,0,1
63925004129.7662,6.238953,2,0,0,0,0,0,1,0,1,0,0,0.009999998,-8,0,1
63925004129.7984,6.258949,2,0,0,0,0,0,1,0,1,0,0,0.009999998,-8,0,1
63925004129.8328,6.298943,2,0,0,0,0,0,1,0,1,0,0,0.009999998,-8,0,1
63925004129.8651,6.338936,2,0,0,0,0,0,1,0,1,0,0,0.009999998,-8,0,1
63925004129.8992,6.358932,2,0,0,0,0,0,1,0,1,0,0,0.009999998,-8,0,1
63925004129.9318,6.398926,2,0,0,0,0,0,1,0,1,0,0,0.009999998,-8,0,1
63925004129.9665,6.438919,2,0,0,0,0,0,1,0,1,0,0,0.009999998,-8,0,1
63925004129.9992,6.458916,2,0,0,0,0,0,1,0,1,0,0,0.009999998,-8,0,1
63925004130.0324,6.498909,2,0,0,0,0,0,1,0,1,0,0,0.009999998,-8,0,1
63925004130.0656,6.538902,2,0,0,0,0,0,1,0,1,0,0,0.009999998,-8,0,1
63925004130.0988,6.558899,2,0,0,0,0,0,1,0,1,0,0,0.009999998,-8,0,1
63925004130.1325,6.598892,2,0,0,0,0,0,1,0,1,0,0,0.009999998,-8,0,1
63925004130.1658,6.638885,2,0,0,0,0,0,1,0,1,0,0,0.009999998,-8,0,1
63925004130.1986,6.658882,2,0,0,0,0,0,1,0,1,0,0,0.009999998,-8,0,1
63925004130.233,6.698875,2,0,0,0,0,0,1,0,1,0,0,0.009999998,-8,0,1
63925004130.2658,6.738869,2,0,0,0,0,0,1,0,1,0,0,0.009999998,-8,0,1
63925004130.2984,6.758865,2,0,0,0,0,0,1,0,1,0,0,0.009999998,-8,0,1
63925004130.332,6.798859,2,0,0,0,0,0,1,0,1,0,0,0.009999998,-8,0,1
63925004130.366,6.838852,2,0,0,0,0,0,1,0,1,0,0,0.009999998,-8,0,1
63925004130.3986,6.858849,2,0,0,0,0,0,1,0,1,0,0,0.009999998,-8,0,1
63925004130.4328,6.898842,2,0,0,0,0,0,1,0,1,0,0,0.009999998,-8,0,1
63925004130.4662,6.938835,2,0,0,0,0,0,1,0,1,0,0,0.009999998,-8,0,1
63925004130.4983,6.958832,2,0,0,0,0,0,1,0,1,0,0,0.009999998,-8,0,1
63925004130.5329,6.998825,2,0,0,0,0,0,1,0,1,0,0,0.009999998,-8,0,1
63925004130.5654,7.038818,2,0,0,0,0,0,1,0,1,0,0,0.009999998,-8,0,1
63925004130.5985,7.058815,2,0,0,0,0,0,1,0,1,0,0,0.009999998,-8,0,1
63925004130.6329,7.098808,2,0,0,0,0,0,1,0,1,0,0,0.009999998,-8,0,1
63925004130.6657,7.138802,2,0,0,0,0,0,1,0,1,0,0,0.009999998,-8,0,1
63925004130.6987,7.158798,2,0,0,0,0,0,1,0,1,0,0,0.009999998,-8,0,1
63925004130.732,7.198792,2,0,0,0,0,0,1,0,1,0,0,0.009999998,-8,0,1
63925004130.766,7.238785,2,0,0,0,0,0,1,0,1,0,0,0.009999998,-8,0,1
63925004130.7992,7.258781,2,0,0,0,0,0,1,0,1,0,0,0.009999998,-8,0,1
63925004130.8322,7.298775,2,0,0,0,0,0,1,0,1,0,0,0.009999998,-8,0,1
63925004130.866,7.338768,2,0,0,0,0,0,1,0,1,0,0,0.009999998,-8,0,1
63925004130.8985,7.358765,2,0,0,0,0,0,1,0,1,0,0,0.009999998,-8,0,1
63925004130.9328,7.398758,2,0,0,0,0,0,1,0,1,0,0,0.009999998,-8,0,1
63925004130.9662,7.438751,2,0,0,0,0,0,1,0,1,0,0,0.009999998,-8,0,1
63925004130.9992,7.458748,2,0,0,0,0,0,1,0,1,0,0,0.009999998,-8,0,1
63925004131.0327,7.498741,2,0,0,0,0,0,1,0,1,0,0,0.009999998,-8,0,1
63925004131.0659,7.538734,2,0,0,0,0,0,1,0,1,0,0,0.009999998,-8,0,1
63925004131.0985,7.558731,2,0,0,0,0,0,1,0,1,0,0,0.009999998,-8,0,1
63925004131.1325,7.598724,2,0,0,0,0,0,1,0,1,0,0,0.009999998,-8,0,1
63925004131.1658,7.638718,2,0,0,0,0,0,1,0,1,0,0,0.009999998,-8,0,1
63925004131.1987,7.658714,2,0,0,0,0,0,1,0,1,0,0,0.009999998,-8,0,1
63925004131.2323,7.698708,2,0,0,0,0,0,1,0,1,0,0,0.009999998,-8,0,1
63925004131.2658,7.738701,2,0,0,0,0,0,1,0,1,0,0,0.009999998,-8,0,1
63925004131.2999,7.758698,2,0,0,0,0,0,1,0,1,0,0,0.009999998,-8,0,1
63925004131.3327,7.798691,2,0,0,0,0,0,1,0,1,0,0,0.009999998,-8,0,1
63925004131.3663,7.838684,2,0,0,0,0,0,1,0,1,0,0,0.009999998,-8,0,1
63925004131.3992,7.858681,2,0,0,0,0,0,1,0,1,0,0,0.009999998,-8,0,1
63925004131.4328,7.898674,2,0,0,0,0,0,1,0,1,0,0,0.009999998,-8,0,1
63925004131.4667,7.938667,2,0,0,0,0,0,1,0,1,0,0,0.009999998,-8,0,1
63925004131.499,7.958664,2,0,0,0,0,0,1,0,1,0,0,0.009999998,-8,0,1
63925004131.5333,7.998657,2,0,0,0,0,0,1,0,1,0,0,0.009999998,-8,0,1
63925004131.5661,8.038651,2,0,0,0,0,0,1,0,1,0,0,0.009999998,-8,0,1
63925004131.5992,8.058647,2,0,0,0,0,0,1,0,1,0,0,0.009999998,-8,0,1
63925004131.6336,8.09864,2,0,0,0,0,0,1,0,1,0,0,0.009999998,-8,0,1
63925004131.6662,8.138634,2,0,0,0,0,0,1,0,1,0,0,0.009999998,-8,0,1
63925004131.6991,8.15863,2,0,0,0,0,0,1,0,1,0,0,0.009999998,-8,0,1
63925004131.7335,8.198624,2,0,0,0,0,0,1,0,1,0,0,0.009999998,-8,0,1
63925004131.7661,8.238617,2,0,0,0,0,0,1,0,1,0,0,0.009999998,-8,0,1
63925004131.799,8.258614,2,0,0,0,0,0,1,0,1,0,0,0.009999998,-8,0,1
63925004131.8327,8.298607,2,0,0,0,0,0,1,0,1,0,0,0.009999998,-8,0,1
63925004131.8659,8.3386,2,0,0,0,0,0,1,0,1,0,0,0.009999998,-8,0,1
63925004131.8996,8.358597,2,0,0,0,0,0,1,0,1,0,0,0.009999998,-8,0,1
63925004131.9335,8.39859,2,0,0,0,0,0,1,0,1,0,0,0.009999998,-8,0,1
63925004131.9663,8.438583,2,0,0,0,0,0,1,0,1,0,0,0.009999998,-8,0,1
63925004131.9995,8.45858,2,0,0,0,0,0,1,0,1,0,0,0.009999998,-8,0,1
63925004132.0336,8.498573,2,0,0,0,0,0,1,0,1,0,0,0.009999998,-8,0,1
63925004132.0665,8.538567,2,0,0,0,0,0,1,0,1,0,0,0.009999998,-8,0,1
63925004132.1002,8.558563,2,0,0,0,0,0,1,0,1,0,0,0.009999998,-8,0,1
63925004132.1336,8.598557,2,0,0,0,0,0,1,0,1,0,0,0.009999998,-8,0,1
63925004132.1661,8.63855,2,0,0,0,0,0,1,0,1,0,0,0.009999998,-8,0,1
63925004132.1997,8.658546,2,0,0,0,0,0,1,0,1,0,0,0.009999998,-8,0,1
63925004132.2338,8.69854,2,0,0,0,0,0,1,0,1,0,0,0.009999998,-8,0,1
63925004132.267,8.738533,2,0,0,0,0,0,1,0,1,0,0,0.009999998,-8,0,1
63925004132.2996,8.75853,2,0,0,0,0,0,1,0,1,0,0,0.009999998,-8,0,1
63925004132.3328,8.798523,2,0,0,0,0,0,1,0,1,0,0,0.009999998,-8,0,1
63925004132.3669,8.838516,2,0,0,0,0,0,1,0,1,0,0,0.009999998,-8,0,1
63925004132.3995,8.858513,2,0,0,0,0,0,1,0,1,0,0,0.009999998,-8,0,1
63925004132.4338,8.898506,2,0,0,0,0,0,1,0,1,0,0,0.009999998,-8,0,1
63925004132.4662,8.938499,2,0,0,0,0,0,1,0,1,0,0,0.009999998,-8,0,1
63925004132.4997,8.958496,2,0,0,0,0,0,1,0,1,0,0,0.009999998,-8,0,1
63925004132.5331,8.998489,2,0,0,0,0,0,1,0,1,0,0,0.009999998,-8,0,1
63925004132.5664,9.038483,2,0,0,0,0,0,1,0,1,0,0,0.009999998,-8,0,1
63925004132.5998,9.058479,2,0,0,0,0,0,1,0,1,0,0,0.009999998,-8,0,1
63925004132.6329,9.098473,2,0,0,0,0,0,1,0,1,0,0,0.009999998,-8,0,1
63925004132.6667,9.138466,2,0,0,0,0,0,1,0,1,0,0,0.009999998,-8,0,1
63925004132.6995,9.158463,2,0,0,0,0,0,1,0,1,0,0,0.009999998,-8,0,1
63925004132.7329,9.198456,2,0,0,0,0,0,1,0,1,0,0,0.009999998,-8,0,1
63925004132.766,9.238449,2,0,0,0,0,0,1,0,1,0,0,0.009999998,-8,0,1
63925004132.7992,9.258446,2,0,0,0,0,0,1,0,1,0,0,0.009999998,-8,0,1
63925004132.8335,9.298439,2,0,0,0,0,0,1,0,1,0,0,0.009999998,-8,0,1
63925004132.8664,9.338432,2,0,0,0,0,0,1,0,1,0,0,0.009999998,-8,0,1
63925004132.8993,9.358429,2,0,0,0,0,0,1,0,1,0,0,0.009999998,-8,0,1
63925004132.9328,9.398422,2,0,0,0,0,0,1,0,1,0,0,0.009999998,-8,0,1
63925004132.9668,9.438416,2,0,0,0,0,0,1,0,1,0,0,0.009999998,-8,0,1
63925004132.9993,9.458412,2,0,0,0,0,0,1,0,1,0,0,0.009999998,-8,0,1
63925004133.0337,9.498405,2,0,0,0,0,0,1,0,1,0,0,0.009999998,-8,0,1
63925004133.0669,9.538399,2,0,0,0,0,0,1,0,1,0,0,0.009999998,-8,0,1
63925004133.0997,9.558395,2,0,0,0,0,0,1,0,1,0,0,0.009999998,-8,0,1
63925004133.1328,9.598389,2,0,0,0,0,0,1,0,1,0,0,0.009999998,-8,0,1
63925004133.1668,9.638382,2,0,0,0,0,0,1,0,1,0,0,0.009999998,-8,0,1
63925004133.1994,9.658379,2,0,0,0,0,0,1,0,1,0,0,0.009999998,-8,0,1
63925004133.2331,9.698372,2,0,0,0,0,0,1,0,1,0,0,0.009999998,-8,0,1
63925004133.2662,9.738365,2,0,0,0,0,0,1,0,1,0,0,0.009999998,-8,0,1
63925004133.2996,9.758362,2,0,0,0,0,0,1,0,1,0,0,0.009999998,-8,0,1
63925004133.3336,9.798355,2,0,0,0,0,0,1,0,1,0,0,0.009999998,-8,0,1
63925004133.367,9.838348,2,0,0,0,0,0,1,0,1,0,0,0.009999998,-8,0,1
63925004133.3998,9.858345,2,0,0,0,0,0,1,0,1,0,0,0.009999998,-8,0,1
63925004133.4337,9.898338,2,0,0,0,0,0,1,0,1,0,0,0.009999998,-8,0,1
63925004133.4662,9.938332,2,0,0,0,0,0,1,0,1,0,0,0.009999998,-8,0,1
63925004133.5005,9.958328,2,0,0,0,0,0,1,0,1,0,0,0.009999998,-8,0,1
63925004133.534,9.998322,2,0,0,0,0,0,1,0,1,0,0,0.009999998,-8,0,1
63925004133.5677,10.03831,2,0,0,0,0,0,1,0,1,0,0,0.009999998,-8,0,1
63925004133.5999,10.05831,2,0,0,0,0,0,1,0,1,0,0,0.009999998,-8,0,1
63925004133.6336,10.0983,2,0,0,0,0,0,1,0,1,0,0,0.009999998,-8,0,1
63925004133.6679,10.1383,2,0,0,0,0,0,1,0,1,0,0,0.009999998,-8,0,1
63925004133.7004,10.15829,2,0,0,0,0,0,1,0,1,0,0,0.009999998,-8,0,1
63925004133.7347,10.19829,2,0,0,0,0,0,1,0,1,0,0,0.009999998,-8,0,1
63925004133.7678,10.23828,2,0,0,0,0,0,1,0,1,0,0,0.009999998,-8,0,1
63925004133.8003,10.25828,2,0,0,0,0,0,1,0,1,0,0,0.009999998,-8,0,1
63925004133.8335,10.29827,2,0,0,0,0,0,1,0,1,0,0,0.009999998,-8,0,1
63925004133.8676,10.33826,2,0,0,0,0,0,1,0,1,0,0,0.009999998,-8,0,1
63925004133.9007,10.35826,2,0,0,0,0,0,1,0,1,0,0,0.009999998,-8,0,1
63925004133.9336,10.39825,2,0,0,0,0,0,1,0,1,0,0,0.009999998,-8,0,1
63925004133.9679,10.43825,2,0,0,0,0,0,1,0,1,0,0,0.009999998,-8,0,1
63925004134.0002,10.45824,2,0,0,0,0,0,1,0,1,0,0,0.009999998,-8,0,1
63925004134.0345,10.49824,2,0,0,0,0,0,1,0,1,0,0,0.009999998,-8,0,1
63925004134.0676,10.53823,2,0,0,0,0,0,1,0,1,0,0,0.009999998,-8,0,1
63925004134.101,10.55823,2,0,0,0,0,0,1,0,1,0,0,0.009999998,-8,0,1
63925004134.1346,10.59822,2,0,0,0,0,0,1,0,1,0,0,0.009999998,-8,0,1
63925004134.1668,10.63821,2,0,0,0,0,0,1,0,1,0,0,0.009999998,-8,0,1
63925004134.2005,10.65821,2,0,0,0,0,0,1,0,1,0,0,0.009999998,-8,0,1
63925004134.234,10.6982,2,0,0,0,0,0,1,0,1,0,0,0.009999998,-8,0,1
63925004134.2676,10.7382,2,0,0,0,0,0,1,0,1,0,0,0.009999998,-8,0,1
63925004134.3005,10.75819,2,0,0,0,0,0,1,0,1,0,0,0.009999998,-8,0,1
63925004134.3337,10.79819,2,0,0,0,0,0,1,0,1,0,0,0.009999998,-8,0,1
63925004134.368,10.83818,2,0,0,0,0,0,1,0,1,0,0,0.009999998,-8,0,1
63925004134.4005,10.85818,2,0,0,0,0,0,1,0,1,0,0,0.009999998,-8,0,1
63925004134.4346,10.89817,2,0,0,0,0,0,1,0,1,0,0,0.009999998,-8,0,1
63925004134.4678,10.93816,2,0,0,0,0,0,1,0,1,0,0,0.009999998,-8,0,1
63925004134.5002,10.95816,2,0,0,0,0,0,1,0,1,0,0,0.009999998,-8,0,1
63925004134.535,10.99815,2,0,0,0,0,0,1,0,1,0,0,0.009999998,-8,0,1
63925004134.5676,11.03815,2,0,0,0,0,0,1,0,1,0,0,0.009999998,-8,0,1
63925004134.6006,11.05814,2,0,0,0,0,0,1,0,1,0,0,0.009999998,-8,0,1
63925004134.6338,11.09814,2,0,0,0,0,0,1,0,1,0,0,0.009999998,-8,0,1
63925004134.6679,11.13813,2,0,0,0,0,0,1,0,1,0,0,0.009999998,-8,0,1
63925004134.7008,11.15813,2,0,0,0,0,0,1,0,1,0,0,0.009999998,-8,0,1
63925004134.7341,11.19812,2,0,0,0,0,0,1,0,1,0,0,0.009999998,-8,0,1
63925004134.7677,11.23811,2,0,0,0,0,0,1,0,1,0,0,0.009999998,-8,0,1
63925004134.8007,11.25811,2,0,0,0,0,0,1,0,1,0,0,0.009999998,-8,0,1
63925004134.8337,11.3181,2,0,0,0,0,0,1,0,1,0,0,0.009999998,-8,0,1
63925004134.8679,11.35809,2,0,0,0,0,0,1,0,1,0,0,0.009999998,-8,0,1
63925004134.9005,11.37809,2,0,0,0,0,0,1,0,1,0,0,0.009999998,-8,0,1
63925004134.9341,11.41808,2,0,0,0,0,0,1,0,1,0,0,0.009999998,-8,0,1
63925004134.9681,11.45808,2,0,0,0,0,0,1,0,1,0,0,0.009999998,-8,0,1
63925004135.0011,11.47807,2,0,0,0,0,0,1,0,1,0,0,0.009999998,-8,0,1
63925004135.0341,11.51807,2,0,0,0,0,0,1,0,1,0,0,0.009999998,-8,0,1
63925004135.0679,11.53806,2,0,0,0,0,0,1,0,1,0,0,0.009999998,-8,0,1
63925004135.1008,11.55806,2,0,0,0,0,0,1,0,1,0,0,0.009999998,-8,0,1
63925004135.1339,11.59805,2,0,0,0,0,0,1,0,1,0,0,0.009999998,-8,0,1
63925004135.1677,11.63805,2,0,0,0,0,0,1,0,1,0,0,0.009999998,-8,0,1
63925004135.201,11.65804,2,0,0,0,0,0,1,0,1,0,0,0.009999998,-8,0,1
63925004135.2346,11.69804,2,0,0,0,0,0,1,0,1,0,0,0.009999998,-8,0,1
63925004135.2677,11.73803,2,0,0,0,0,0,1,0,1,0,0,0.009999998,-8,0,1
63925004135.3007,11.75803,2,0,0,0,0,0,1,0,1,0,0,0.009999998,-8,0,1
63925004135.3351,11.79802,2,0,0,0,0,0,1,0,1,0,0,0.009999998,-8,0,1
63925004135.3679,11.83801,2,0,0,0,0,0,1,0,1,0,0,0.009999998,-8,0,1
63925004135.4011,11.85801,2,0,0,0,0,0,1,0,1,0,0,0.009999998,-8,0,1
63925004135.434,11.898,2,0,0,0,0,0,1,0,1,0,0,0.009999998,-8,0,1
63925004135.4679,11.938,2,0,0,0,0,0,1,0,1,0,0,0.009999998,-8,0,1
63925004135.5007,11.95799,2,0,0,0,0,0,1,0,1,0,0,0.009999998,-8,0,1
63925004135.5343,11.99799,2,0,0,0,0,0,1,0,1,0,0,0.009999998,-8,0,1
63925004135.568,12.03798,2,0,0,0,0,0,1,0,1,0,0,0.009999998,-8,0,1
63925004135.6011,12.05798,2,0,0,0,0,0,1,0,1,0,0,0.009999998,-8,0,1
63925004135.6344,12.09797,2,0,0,0,0,0,1,0,1,0,0,0.009999998,-8,0,1
63925004135.6677,12.13796,2,0,0,0,0,0,1,0,1,0,0,0.009999998,-8,0,1
63925004135.7014,12.15796,2,0,0,0,0,0,1,0,1,0,0,0.009999998,-8,0,1
63925004135.7353,12.19795,2,0,0,0,0,0,1,0,1,0,0,0.009999998,-8,0,1
63925004135.7682,12.23795,2,0,0,0,0,0,1,0,1,0,0,0.009999998,-8,0,1
63925004135.8013,12.25794,2,0,0,0,0,0,1,0,1,0,0,0.009999998,-8,0,1
63925004135.8343,12.29794,2,0,0,0,0,0,1,0,1,0,0,0.009999998,-8,0,1
63925004135.868,12.33793,2,0,0,0,0,0,1,0,1,0,0,0.009999998,-8,0,1
63925004135.9009,12.35793,2,0,0,0,0,0,1,0,1,0,0,0.009999998,-8,0,1
63925004135.9314,12.39792,2,1,5.2,61.98333,1,3,1,1,1,0,0,0.009999998,-8,0,1
63925004135.9679,12.45791,2,1,5.149999,61.93333,1,3,1,1,1,0,0,0.009999998,-8,0,1
63925004136.0008,12.47791,2,1,5.116665,61.9,1,3,1,1,1,0,0,0.009999998,-8,0,1
63925004136.0343,12.5179,2,1,5.083332,61.86667,1,3,1,1,1,0,0,0.009999998,-8,0,1
63925004136.0679,12.55789,2,1,5.049957,61.83329,1,3,1,1,1,0,0,0.009999998,-8,0,1
63925004136.1015,12.57789,2,1,5.016623,61.79996,1,3,1,1,1,0,0,0.009999998,-8,0,1
63925004136.1354,12.61788,2,1,4.983289,61.76663,1,3,1,1,1,0,0,0.009999998,-8,0,1
63925004136.1678,12.63788,2,1,4.949955,61.73329,1,3,1,1,1,0,0,0.009999998,-8,0,1
63925004136.2033,12.63788,2,1,4.899949,61.69995,1,3,1,1,1,1,0,0.009999998,-8,0,1
63925004136.2346,12.67787,2,1,4.866615,61.66662,1,3,1,1,1,1,0,0.009999998,-8,0,1
63925004136.268,12.71786,2,1,4.833282,61.63329,1,3,1,1,1,1,0,0.009999998,-8,0,1
63925004136.301,12.73786,2,1,4.799948,61.59996,1,3,1,1,1,1,0,0.009999998,-8,0,1
63925004136.3355,12.77785,2,1,4.766306,61.56631,1,3,1,1,1,1,0,0.009999998,-8,0,1
63925004136.3682,12.83784,2,1,4.732972,61.53329,1,3,1,1,1,1,0,0.009999998,-8,0,1
63925004136.4023,12.87784,2,1,4.699638,61.49996,1,3,1,1,1,1,0,0.009999998,-8,0,1
63925004136.4354,12.89783,2,1,4.666303,61.46662,1,3,1,1,1,1,0,0.009999998,-8,0,1
63925004136.4689,12.93783,2,1,4.632969,61.43329,1,3,1,1,1,1,0,0.009999998,-8,0,1
63925004136.5021,12.97782,2,1,4.599636,61.39996,1,3,1,1,1,1,0,0.009999998,-8,0,1
63925004136.5347,12.99782,2,1,4.566302,61.36662,1,3,1,1,1,1,0,0.009999998,-8,0,1
63925004136.568,13.03781,2,1,4.532968,61.33329,1,3,1,1,1,1,0,0.009999998,-8,0,1
63925004136.6018,13.0778,2,1,4.499634,61.29994,1,3,1,1,1,1,0,0.009999998,-8,0,1
63925004136.6352,13.0978,2,1,4.466301,61.26661,1,3,1,1,1,1,0,0.009999998,-8,0,1
63925004136.6684,13.13779,2,1,4.432967,61.23328,1,3,1,1,1,1,0,0.009999998,-8,0,1
63925004136.7018,13.17779,2,1,4.399633,61.19994,1,3,1,1,1,1,0,0.009999998,-8,0,1
63925004136.7346,13.19778,2,1,4.366299,61.16661,1,3,1,1,1,1,0,0.009999998,-8,0,1
63925004136.7687,13.23778,2,1,4.332965,61.13328,1,3,1,1,1,1,0,0.009999998,-8,0,1
63925004136.8019,13.27777,2,1,4.299632,61.09993,1,3,1,1,1,1,0,0.009999998,-8,0,1
63925004136.8351,13.29777,2,1,4.266297,61.0666,1,3,1,1,1,1,0,0.009999998,-8,0,1
63925004136.868,13.33776,2,1,4.232964,61.03327,1,3,1,1,1,1,0,0.009999998,-8,0,1
63925004136.9009,13.37775,2,1,4.19963,60.99994,1,3,1,1,1,1,0,0.009999998,-8,0,1
63925004136.9346,13.39775,2,1,4.166296,60.9666,1,3,1,1,1,1,0,0.009999998,-8,0,1
63925004136.9682,13.43774,2,1,4.132962,60.93327,1,3,1,1,1,1,0,0.009999998,-8,0,1
63925004137.0016,13.47774,2,1,4.099628,60.89994,1,3,1,1,1,1,0,0.009999998,-8,0,1
63925004137.0352,13.49773,2,1,4.066295,60.86657,1,3,1,1,1,1,0,0.009999998,-8,0,1
63925004137.0691,13.53773,2,1,4.03296,60.83324,1,3,1,1,1,1,0,0.009999998,-8,0,1
63925004137.1021,13.57772,2,1,3.999626,60.7999,1,3,1,1,1,1,0,0.009999998,-8,0,1
63925004137.1356,13.59772,2,1,3.966292,60.76657,1,3,1,1,1,1,0,0.009999998,-8,0,1
63925004137.1687,13.63771,2,1,3.932958,60.73324,1,3,1,1,1,1,0,0.009999998,-8,0,1
63925004137.2022,13.6777,2,1,3.899624,60.69991,1,3,1,1,1,1,0,0.009999998,-8,0,1
63925004137.2356,13.6977,2,1,3.86629,60.66657,1,3,1,1,1,1,0,0.009999998,-8,0,1
63925004137.2691,13.73769,2,1,3.832956,60.63324,1,3,1,1,1,1,0,0.009999998,-8,0,1
63925004137.3023,13.77769,2,1,3.799622,60.5999,1,3,1,1,1,1,0,0.009999998,-8,0,1
63925004137.3348,13.79768,2,1,3.766289,60.56657,1,3,1,1,1,1,0,0.009999998,-8,0,1
63925004137.3689,13.83768,2,1,3.732955,60.53324,1,3,1,1,1,1,0,0.009999998,-8,0,1
63925004137.4012,13.87767,2,1,3.699621,60.4999,1,3,1,1,1,1,0,0.009999998,-8,0,1
63925004137.4344,13.89767,2,1,3.666288,60.46657,1,3,1,1,1,1,0,0.009999998,-8,0,1
63925004137.469,13.93766,2,1,3.632954,60.43301,1,3,1,1,1,1,0,0.009999998,-8,0,1
63925004137.5013,13.97765,2,1,3.59962,60.39967,1,3,1,1,1,1,0,0.009999998,-8,0,1
63925004137.535,13.99765,2,1,3.566286,60.36634,1,3,1,1,1,1,0,0.009999998,-8,0,1
63925004137.5679,14.03764,2,1,3.532952,60.33301,1,3,1,1,1,1,0,0.009999998,-8,0,1
63925004137.6016,14.07764,2,1,3.499619,60.29967,1,3,1,1,1,1,0,0.009999998,-8,0,1
63925004137.6347,14.09763,2,1,3.466285,60.26634,1,3,1,1,1,1,0,0.009999998,-8,0,1
63925004137.6679,14.13763,2,1,3.432951,60.23301,1,3,1,1,1,1,0,0.009999998,-8,0,1
63925004137.7014,14.17762,2,1,3.399617,60.19968,1,3,1,1,1,1,0,0.009999998,-8,0,1
63925004137.7345,14.19762,2,1,3.366284,60.16634,1,3,1,1,1,1,0,0.009999998,-8,0,1
63925004137.7682,14.23761,2,1,3.33295,60.13301,1,3,1,1,1,1,0,0.009999998,-8,0,1
63925004137.8011,14.2776,2,1,3.299614,60.09967,1,3,1,1,1,1,0,0.009999998,-8,0,1
63925004137.8352,14.2976,2,1,3.266281,60.06634,1,3,1,1,1,1,0,0.009999998,-8,0,1
63925004137.8688,14.33759,2,1,3.232947,60.03301,1,3,1,1,1,1,0,0.009999998,-8,0,1
63925004137.9021,14.37759,2,1,3.199613,59.99968,1,3,1,1,1,1,0,0.009999998,-8,0,1
63925004137.9351,14.39758,2,1,3.16628,59.96634,1,3,1,1,1,1,0,0.009999998,-8,0,1
63925004137.9688,14.43758,2,1,3.132946,59.93301,1,3,1,1,1,1,0,0.009999998,-8,0,1
63925004138.0012,14.47757,2,1,3.099612,59.89968,1,3,1,1,1,1,0,0.009999998,-8,0,1
63925004138.0344,14.49757,2,1,3.066278,59.86634,1,3,1,1,1,1,0,0.009999998,-8,0,1
63925004138.0684,14.53756,2,1,3.032945,59.83301,1,3,1,1,1,1,0,0.009999998,-8,0,1
63925004138.102,14.57755,2,1,2.999576,59.79964,1,3,1,1,1,1,0,0.009999998,-8,0,1
63925004138.1355,14.59755,2,1,2.966276,59.76635,1,3,1,1,1,1,0,0.009999998,-8,0,1
63925004138.1688,14.63754,2,1,2.932942,59.73301,1,3,1,1,1,1,0,0.009999998,-8,0,1
63925004138.2013,14.67754,2,1,2.899608,59.69968,1,3,1,1,1,1,0,0.009999998,-8,0,1
63925004138.2347,14.69753,2,1,2.866275,59.66635,1,3,1,1,1,1,0,0.009999998,-8,0,1
63925004138.2686,14.73753,2,1,2.832941,59.63301,1,3,1,1,1,1,0,0.009999998,-8,0,1
63925004138.3019,14.77752,2,1,2.799608,59.59968,1,3,1,1,1,1,0,0.009999998,-8,0,1
63925004138.3354,14.79752,2,1,2.766274,59.56635,1,3,1,1,1,1,0,0.009999998,-8,0,1
63925004138.3687,14.83751,2,1,2.73294,59.53302,1,3,1,1,1,1,0,0.009999998,-8,0,1
63925004138.4022,14.8775,2,1,2.699606,59.49968,1,3,1,1,1,1,0,0.009999998,-8,0,1
63925004138.4343,14.8975,2,1,2.666273,59.46635,1,3,1,1,1,1,0,0.009999998,-8,0,1
63925004138.4677,14.93749,2,1,2.632939,59.43302,1,3,1,1,1,1,0,0.009999998,-8,0,1
63925004138.5018,14.97749,2,1,2.599605,59.39968,1,3,1,1,1,1,0,0.009999998,-8,0,1
63925004138.5347,14.99748,2,1,2.566272,59.36635,1,3,1,1,1,1,0,0.009999998,-8,0,1
63925004138.5683,15.03748,2,1,2.532938,59.33302,1,3,1,1,1,1,0,0.009999998,-8,0,1
63925004138.6022,15.07747,2,1,2.499604,59.29969,1,3,1,1,1,1,0,0.009999998,-8,0,1
63925004138.6347,15.09747,2,1,2.46627,59.26635,1,3,1,1,1,1,0,0.009999998,-8,0,1
63925004138.6688,15.13746,2,1,2.432936,59.23302,1,3,1,1,1,1,0,0.009999998,-8,0,1
63925004138.7011,15.17745,2,1,2.399603,59.19969,1,3,1,1,1,1,0,0.009999998,-8,0,1
63925004138.7346,15.19745,2,1,2.366269,59.16636,1,3,1,1,1,1,0,0.009999998,-8,0,1
63925004138.7689,15.23744,2,1,2.332935,59.13302,1,3,1,1,1,1,0,0.009999998,-8,0,1
63925004138.802,15.27744,2,1,2.299602,59.09964,1,3,1,1,1,1,0,0.009999998,-8,0,1
63925004138.8345,15.29743,2,1,2.266268,59.06631,1,3,1,1,1,1,0,0.009999998,-8,0,1
63925004138.8681,15.33743,2,1,2.232934,59.03298,1,3,1,1,1,1,0,0.009999998,-8,0,1
63925004138.9014,15.37742,2,1,2.1996,58.99965,1,3,1,1,1,1,0,0.009999998,-8,0,1
63925004138.9353,15.39742,2,1,2.166267,58.96631,1,3,1,1,1,1,0,0.009999998,-8,0,1
63925004138.9684,15.43741,2,1,2.132933,58.93298,1,3,1,1,1,1,0,0.009999998,-8,0,1
63925004139.0016,15.4774,2,1,2.099599,58.89965,1,3,1,1,1,1,0,0.009999998,-8,0,1
63925004139.0345,15.4974,2,1,2.066266,58.86631,1,3,1,1,1,1,0,0.009999998,-8,0,1
63925004139.0686,15.53739,2,1,2.032932,58.83298,1,3,1,1,1,1,0,0.009999998,-8,0,1
63925004139.102,15.57738,2,1,1.999598,58.79965,1,3,1,1,1,1,0,0.009999998,-8,0,1
63925004139.1357,15.59738,2,1,1.966264,58.76632,1,3,1,1,1,1,0,0.009999998,-8,0,1
63925004139.1688,15.63737,2,1,1.932931,58.73298,1,3,1,1,1,1,0,0.009999998,-8,0,1
63925004139.201,15.67737,2,1,1.899597,58.69965,1,3,1,1,1,1,0,0.009999998,-8,0,1
63925004139.2355,15.69736,2,1,1.866263,58.66632,1,3,1,1,1,1,0,0.009999998,-8,0,1
63925004139.2691,15.73736,2,1,1.83293,58.63298,1,3,1,1,1,1,0,0.009999998,-8,0,1
63925004139.3019,15.77735,2,1,1.799596,58.59965,1,3,1,1,1,1,0,0.009999998,-8,0,1
63925004139.3345,15.79735,2,1,1.766262,58.56632,1,3,1,1,1,1,0,0.009999998,-8,0,1
63925004139.3681,15.83734,2,1,1.732924,58.53298,1,3,1,1,1,1,0,0.009999998,-8,0,1
63925004139.4021,15.87733,2,1,1.699595,58.49965,1,3,1,1,1,1,0,0.009999998,-8,0,1
63925004139.4354,15.89733,2,1,1.666262,58.46632,1,3,1,1,1,1,0,0.009999998,-8,0,1
63925004139.469,15.93732,2,1,1.632928,58.4322,1,3,1,1,1,1,0,0.009999998,-8,0,1
63925004139.5013,15.97732,2,1,1.599594,58.39887,1,3,1,1,1,1,0,0.009999998,-8,0,1
63925004139.5347,15.99731,2,1,1.56626,58.36554,1,3,1,1,1,1,0,0.009999998,-8,0,1
63925004139.5677,16.03731,2,1,1.532926,58.3322,1,3,1,1,1,1,0,0.009999998,-8,0,1
63925004139.6013,16.0773,2,1,1.499593,58.29887,1,3,1,1,1,1,0,0.009999998,-8,0,1
63925004139.6347,16.0973,2,1,1.466259,58.26554,1,3,1,1,1,1,0,0.009999998,-8,0,1
63925004139.668,16.13729,2,1,1.432926,58.2322,1,3,1,1,1,1,0,0.009999998,-8,0,1
63925004139.7019,16.17728,2,1,1.399592,58.19887,1,3,1,1,1,1,0,0.009999998,-8,0,1
63925004139.7348,16.19728,2,1,1.366258,58.16554,1,3,1,1,1,1,0,0.009999998,-8,0,1
63925004139.7677,16.23727,2,1,1.332924,58.13221,1,3,1,1,1,1,0,0.009999998,-8,0,1
63925004139.8023,16.27727,2,1,1.299591,58.09887,1,3,1,1,1,1,0,0.009999998,-8,0,1
63925004139.8343,16.29726,2,1,1.266257,58.06554,1,3,1,1,1,1,0,0.009999998,-8,0,1
63925004139.8677,16.33726,2,1,1.232923,58.03221,1,3,1,1,1,1,0,0.009999998,-8,0,1
63925004139.9016,16.37725,2,1,1.19959,57.99879,1,3,1,1,1,1,0,0.009999998,-8,0,1
63925004139.9346,16.39725,2,1,1.166256,57.96546,1,3,1,1,1,1,0,0.009999998,-8,0,1
63925004139.9689,16.43724,2,1,1.132922,57.93213,1,3,1,1,1,1,0,0.009999998,-8,0,1
63925004140.0009,16.47723,2,1,1.099589,57.8988,1,3,1,1,1,1,0,0.009999998,-8,0,1
63925004140.0348,16.49723,2,1,1.066255,57.86546,1,3,1,1,1,1,0,0.009999998,-8,0,1
63925004140.0688,16.53722,2,1,1.032922,57.83213,1,3,1,1,1,1,0,0.009999998,-8,0,1
63925004140.1015,16.57722,2,1,0.9995881,57.79879,1,3,1,1,1,1,0,0.009999998,-8,0,1
63925004140.1357,16.59721,2,1,0.9662545,57.76546,1,3,1,1,1,1,0,0.009999998,-8,0,1
63925004140.1683,16.63721,2,1,0.9329208,57.73213,1,3,1,1,1,1,0,0.009999998,-8,0,1
63925004140.202,16.6772,2,1,0.8995873,57.6988,1,3,1,1,1,1,0,0.009999998,-8,0,1
63925004140.235,16.6972,2,1,0.8662536,57.66546,1,3,1,1,1,1,0,0.009999998,-8,0,1
63925004140.2676,16.73719,2,1,0.8329198,57.63213,1,3,1,1,1,1,0,0.009999998,-8,0,1
63925004140.3014,16.77718,2,1,0.7995861,57.5988,1,3,1,1,1,1,0,0.009999998,-8,0,1
63925004140.335,16.79718,2,1,0.7662524,57.56546,1,3,1,1,1,1,0,0.009999998,-8,0,1
63925004140.3678,16.83717,2,1,0.7329189,57.53213,1,3,1,1,1,1,0,0.009999998,-8,0,1
63925004140.4014,16.87717,2,1,0.6995852,57.4988,1,3,1,1,1,1,0,0.009999998,-8,0,1
63925004140.4353,16.89716,2,1,0.6662515,57.46547,1,3,1,1,1,1,0,0.009999998,-8,0,1
63925004140.4689,16.93716,2,1,0.6329178,57.43213,1,3,1,1,1,1,0,0.009999998,-8,0,1
63925004140.5012,16.97715,2,1,0.599584,57.3988,1,3,1,1,1,1,0,0.009999998,-8,0,1
63925004140.5353,16.99715,2,1,0.5662506,57.36547,1,3,1,1,1,1,0,0.009999998,-8,0,1
63925004140.5691,17.03714,2,1,0.5329169,57.33197,1,3,1,1,1,1,0,0.009999998,-8,0,1
63925004140.6022,17.07713,2,1,0.4995831,57.29864,1,3,1,1,1,1,0,0.009999998,-8,0,1
63925004140.6345,17.09713,2,1,0.4662496,57.26531,1,3,1,1,1,1,0,0.009999998,-8,0,1
63925004140.6688,17.13712,2,1,0.432916,57.23198,1,3,1,1,1,1,0,0.009999998,-8,0,1
63925004140.7011,17.17712,2,1,0.3995823,57.19864,1,3,1,1,1,1,0,0.009999998,-8,0,1
63925004140.7353,17.19711,2,1,0.3662487,57.16531,1,3,1,1,1,1,0,0.009999998,-8,0,1
63925004140.7689,17.23711,2,1,0.332915,57.13198,1,3,1,1,1,1,0,0.009999998,-8,0,1
63925004140.8022,17.2771,2,1,0.2995813,57.09864,1,3,1,1,1,1,0,0.009999998,-8,0,1
63925004140.8356,17.2971,2,1,0.2662476,57.06531,1,3,1,1,1,1,0,0.009999998,-8,0,1
63925004140.868,17.33709,2,1,0.2329139,57.03198,1,3,1,1,1,1,0,0.009999998,-8,0,1
63925004140.9015,17.37708,2,1,0.1995803,56.99865,1,3,1,1,1,1,0,0.009999998,-8,0,1
63925004140.9355,17.39708,2,1,0.1662466,56.96531,1,3,1,1,1,1,0,0.009999998,-8,0,1
63925004140.9689,17.43707,2,1,0.1329129,56.93198,1,3,1,1,1,1,0,0.009999998,-8,0,1
63925004141.0014,17.47707,2,1,0.09957933,56.89859,1,3,1,1,1,1,0,0.009999998,-8,0,1
63925004141.0347,17.49706,2,1,0.06624565,56.86526,1,3,1,1,1,1,0,0.009999998,-8,0,1
63925004141.0684,17.53706,2,1,0.03290895,56.83192,1,3,1,1,1,1,0,0.009999998,-8,0,1
63925004141.1014,17.57705,2,0,0,56.79859,0,0,1,0,1,1,0,0.009999998,-8,0,1
63925004141.1348,17.59705,2,0,0,56.76525,0,0,1,0,1,1,0,0.009999998,-8,0,1
63925004141.169,17.63704,2,0,0,56.73192,0,0,1,0,1,1,0,0.009999998,-8,0,1
63925004141.2013,17.67703,2,0,0,56.69858,0,0,1,0,1,1,0,0.009999998,-8,0,1
63925004141.2345,17.69703,2,0,0,56.66525,0,0,1,0,1,1,0,0.009999998,-8,0,1
63925004141.268,17.73702,2,0,0,56.63192,0,0,1,0,1,1,0,0.009999998,-8,0,1
63925004141.3019,17.77702,2,0,0,56.59858,0,0,1,0,1,1,0,0.009999998,-8,0,1
63925004141.3347,17.79701,2,0,0,56.56525,0,0,1,0,1,1,0,0.009999998,-8,0,1
63925004141.3681,17.83701,2,0,0,56.53192,0,0,1,0,1,1,0,0.009999998,-8,0,1
63925004141.4014,17.877,2,0,0,56.49858,0,0,1,0,1,1,0,0.009999998,-8,0,1
63925004141.4351,17.897,2,0,0,56.46525,0,0,1,0,1,1,0,0.009999998,-8,0,1
63925004141.4683,17.93699,2,0,0,56.43192,0,0,1,0,1,1,0,0.009999998,-8,0,1
63925004141.502,17.97698,2,0,0,56.39859,0,0,1,0,1,1,0,0.009999998,-8,0,1
63925004141.5347,17.99698,2,0,0,56.36525,0,0,1,0,1,1,0,0.009999998,-8,0,1
63925004141.5688,18.03697,2,0,0,56.33192,0,0,1,0,1,1,0,0.009999998,-8,0,1
63925004141.6019,18.07697,2,0,0,56.29859,0,0,1,0,1,1,0,0.009999998,-8,0,1
63925004141.6351,18.09696,2,0,0,56.26525,0,0,1,0,1,1,0,0.009999998,-8,0,1
63925004141.6684,18.13696,2,0,0,56.23145,0,0,1,0,1,1,0,0.009999998,-8,0,1
63925004141.702,18.17695,2,0,0,56.19811,0,0,1,0,1,1,0,0.009999998,-8,0,1
63925004141.7346,18.19695,2,0,0,56.16478,0,0,1,0,1,1,0,0.009999998,-8,0,1
63925004141.7682,18.23694,2,0,0,56.13145,0,0,1,0,1,1,0,0.009999998,-8,0,1
63925004141.8011,18.27693,2,0,0,56.09809,0,0,1,0,1,1,0,0.009999998,-8,0,1
63925004141.8355,18.29693,2,0,0,56.06475,0,0,1,0,1,1,0,0.009999998,-8,0,1
63925004141.8689,18.33692,2,0,0,56.0312,0,0,1,0,1,1,0,0.009999998,-8,0,1
63925004141.902,18.37691,2,0,0,55.99783,0,0,1,0,1,1,0,0.009999998,-8,0,1
63925004141.9349,18.39691,2,0,0,55.96449,0,0,1,0,1,1,0,0.009999998,-8,0,1
63925004141.9681,18.4369,2,0,0,55.93116,0,0,1,0,1,1,0,0.009999998,-8,0,1
63925004142.0012,18.4769,2,0,0,55.89782,0,0,1,0,1,1,0,0.009999998,-8,0,1
63925004142.0355,18.49689,2,0,0,55.86449,0,0,1,0,1,1,0,0.009999998,-8,0,1
63925004142.0682,18.53689,2,0,0,55.83113,0,0,1,0,1,1,0,0.009999998,-8,0,1
63925004142.1013,18.57688,2,0,0,55.79786,0,0,1,0,1,1,0,0.009999998,-8,0,1
63925004142.1356,18.59688,2,0,0,55.76452,0,0,1,0,1,1,0,0.009999998,-8,0,1
63925004142.1689,18.63687,2,0,0,55.73119,0,0,1,0,1,1,0,0.009999998,-8,0,1
63925004142.2014,18.67686,2,0,0,55.69786,0,0,1,0,1,1,0,0.009999998,-8,0,1
63925004142.2351,18.69686,2,0,0,55.66452,0,0,1,0,1,1,0,0.009999998,-8,0,1
63925004142.2681,18.73685,2,0,0,55.63119,0,0,1,0,1,1,0,0.009999998,-8,0,1
63925004142.3016,18.77685,2,0,0,55.59759,0,0,1,0,1,1,0,0.009999998,-8,0,1
63925004142.3355,18.79684,2,0,0,55.56425,0,0,1,0,1,1,0,0.009999998,-8,0,1
63925004142.3689,18.83684,2,0,0,55.53092,0,0,1,0,1,1,0,0.009999998,-8,0,1
63925004142.4022,18.87683,2,0,0,55.49759,0,0,1,0,1,1,0,0.009999998,-8,0,1
63925004142.4346,18.89683,2,0,0,55.46425,0,0,1,0,1,1,0,0.009999998,-8,0,1
63925004142.469,18.93682,2,0,0,55.43092,0,0,1,0,1,1,0,0.009999998,-8,0,1
63925004142.5016,18.97681,2,0,0,55.39759,0,0,1,0,1,1,0,0.009999998,-8,0,1
63925004142.5347,18.99681,2,0,0,55.38078,0,0,1,0,1,1,0,0.009999998,-8,0,1
63925004142.5687,19.0368,2,0,0,55.34744,0,0,1,0,1,1,0,0.009999998,-8,0,1
63925004142.6015,19.0768,2,0,0,55.31411,0,0,1,0,1,1,0,0.009999998,-8,0,1
63925004142.6351,19.09679,2,0,0,55.28078,0,0,1,0,1,1,0,0.009999998,-8,0,1
63925004142.669,19.13679,2,0,0,55.24744,0,0,1,0,1,1,0,0.009999998,-8,0,1
63925004142.7013,19.17678,2,0,0,55.21411,0,0,1,0,1,1,0,0.009999998,-8,0,1
63925004142.7348,19.21677,2,0,0,55.16411,0,0,1,0,1,1,0,0.009999998,-8,0,1
63925004142.7686,19.25677,2,0,0,55.13078,0,0,1,0,1,1,0,0.009999998,-8,0,1
63925004142.8016,19.29676,2,0,0,55.09745,0,0,1,0,1,1,0,0.009999998,-8,0,1
63925004142.8348,19.31676,2,0,0,55.06411,0,0,1,0,1,1,0,0.009999998,-8,0,1
63925004142.869,19.35675,2,0,0,55.03075,0,0,1,0,1,1,0,0.009999998,-8,0,1
63925004142.9015,19.39674,2,0,0,54.99742,0,0,1,0,1,1,0,0.009999998,-8,0,1
63925004142.9348,19.41674,2,0,0,54.96409,0,0,1,0,1,1,0,0.009999998,-8,0,1
63925004142.9688,19.43674,2,0,0,54.9301,0,0,1,0,1,1,0,0.009999998,-8,0,1
63925004143.0015,19.47673,2,0,0,54.89677,0,0,1,0,1,1,0,0.009999998,-8,0,1
63925004143.0354,19.49673,2,0,0,54.86344,0,0,1,0,1,1,0,0.009999998,-8,0,1
63925004143.0682,19.53672,2,0,0,54.8301,0,0,1,0,1,1,0,0.009999998,-8,0,1
63925004143.1016,19.57671,2,0,0,54.79677,0,0,1,0,1,1,0,0.009999998,-8,0,1
63925004143.1348,19.59671,2,0,0,54.76344,0,0,1,0,1,1,0,0.009999998,-8,0,1
63925004143.1686,19.6367,2,0,0,54.73011,0,0,1,0,1,1,0,0.009999998,-8,0,1
63925004143.2013,19.6767,2,0,0,54.69672,0,0,1,0,1,1,0,0.009999998,-8,0,1
63925004143.235,19.69669,2,0,0,54.66338,0,0,1,0,1,1,0,0.009999998,-8,0,1
63925004143.2681,19.73669,2,0,0,54.63005,0,0,1,0,1,1,0,0.009999998,-8,0,1
63925004143.3018,19.77668,2,0,0,54.59672,0,0,1,0,1,1,0,0.009999998,-8,0,1
63925004143.3346,19.79668,2,0,0,54.56339,0,0,1,0,1,1,0,0.009999998,-8,0,1
63925004143.3682,19.83667,2,0,0,54.53005,0,0,1,0,1,1,0,0.009999998,-8,0,1
63925004143.4016,19.87666,2,0,0,54.49672,0,0,1,0,1,1,0,0.009999998,-8,0,1
63925004143.4353,19.89666,2,0,0,54.46339,0,0,1,0,1,1,0,0.009999998,-8,0,1
63925004143.4689,19.93665,2,0,0,54.43005,0,0,1,0,1,1,0,0.009999998,-8,0,1
63925004143.5014,19.97665,2,0,0,54.39654,0,0,1,0,1,1,0,0.009999998,-8,0,1
63925004143.5353,19.99664,2,0,0,54.3632,0,0,1,0,1,1,0,0.009999998,-8,0,1
63925004143.5686,20.03664,2,0,0,54.32987,0,0,1,0,1,1,0,0.009999998,-8,0,1
63925004143.6017,20.07663,2,0,0,54.29654,0,0,1,0,1,1,0,0.009999998,-8,0,1
63925004143.6356,20.09663,2,0,0,54.26297,0,0,1,0,1,1,0,0.009999998,-8,0,1
63925004143.6695,20.13662,2,0,0,54.22963,0,0,1,0,1,1,0,0.009999998,-8,0,1
63925004143.7022,20.17661,2,0,0,54.1963,0,0,1,0,1,1,0,0.009999998,-8,0,1
63925004143.7353,20.19661,2,0,0,54.16297,0,0,1,0,1,1,0,0.009999998,-8,0,1
63925004143.7694,20.2366,2,0,0,54.12963,0,0,1,0,1,1,0,0.009999998,-8,0,1
63925004143.8019,20.2766,2,0,0,54.0963,0,0,1,0,1,1,0,0.009999998,-8,0,1
63925004143.8352,20.31659,2,0,0,54.06297,0,0,1,0,1,1,0,0.009999998,-8,0,1
63925004143.8684,20.35658,2,0,0,54.02964,0,0,1,0,1,1,0,0.009999998,-8,0,1
63925004143.9016,20.39658,2,0,0,53.9963,0,0,1,0,1,1,0,0.009999998,-8,0,1
63925004143.9352,20.41657,2,0,0,53.96297,0,0,1,0,1,1,0,0.009999998,-8,0,1
63925004143.9688,20.45657,2,0,0,53.92964,0,0,1,0,1,1,0,0.009999998,-8,0,1
63925004144.0026,20.49656,2,0,0,53.89624,0,0,1,0,1,1,0,0.009999998,-8,0,1
63925004144.0359,20.51656,2,0,0,53.8629,0,0,1,0,1,1,0,0.009999998,-8,0,1
63925004144.0694,20.53655,2,0,0,53.82964,0,0,1,0,1,1,0,0.009999998,-8,0,1
63925004144.1028,20.57655,2,0,0,53.7963,0,0,1,0,1,1,0,0.009999998,-8,0,1
63925004144.1358,20.59654,2,0,0,53.76296,0,0,1,0,1,1,0,0.009999998,-8,0,1
63925004144.1695,20.63654,2,0,0,53.72963,0,0,1,0,1,1,0,0.009999998,-8,0,1
63925004144.2028,20.67653,2,0,0,53.69629,0,0,1,0,1,1,0,0.009999998,-8,0,1
63925004144.2352,20.69653,2,0,0,53.66296,0,0,1,0,1,1,0,0.009999998,-8,0,1
63925004144.2691,20.73652,2,0,0,53.62963,0,0,1,0,1,1,0,0.009999998,-8,0,1
63925004144.3027,20.75652,2,0,0,53.6126,0,0,1,0,1,1,0,0.009999998,-8,0,1
63925004144.3354,20.77651,2,0,0,53.57927,0,0,1,0,1,1,0,0.009999998,-8,0,1
63925004144.3687,20.81651,2,0,0,53.54594,0,0,1,0,1,1,0,0.009999998,-8,0,1
63925004144.4019,20.8565,2,0,0,53.5126,0,0,1,0,1,1,0,0.009999998,-8,0,1
63925004144.4357,20.8765,2,0,0,53.47921,0,0,1,0,1,1,0,0.009999998,-8,0,1
63925004144.4687,20.91649,2,0,0,53.44588,0,0,1,0,1,1,0,0.009999998,-8,0,1
63925004144.503,20.97648,2,0,0,53.39594,0,0,1,0,1,1,0,0.009999998,-8,0,1
63925004144.5352,20.99648,2,0,0,53.36261,0,0,1,0,1,1,0,0.009999998,-8,0,1
